n: 201933853839540272848577489839882827167048473106083727098043663304136591516552911309755334556543118832917977419183761696503031167627690373929924259409960521317526217271353801406657
# 1165986969463109221^11-1, difficulty: 180.67, skewness: 1.00
# cost: 2.47984e+16, est. time: 11.81 GHz days (not accurate yet!)
# Optimized skew: 1.43850 Murphy: 1.29e-10
skew: 1.43850
c5: 1
c4: 1
c3: -4
c2: -3
c1: 3
c0: 1
Y1: -1165986969463109221
Y0: 1359525612957765595033952448575226842
type: snfs


rlim: 16700000
alim: 16700000
lpbr: 29
lpba: 28
mfbr: 57
mfba: 55
rlambda: 2.5
alambda: 2.4
