# norm 2.595531e-20 alpha -7.882561 e 1.568e-15 rroots 5
n: 5493988384679109005736841722211621567395278760254007543793966896447350693831069252579238983134014124233426530216696848528013375717038001250037129785073863594404344281570345443811334407312476288615993997534437
skew: 51059252.11
c0: 103388145734209649239728320508293843893852565870
c1: 1427205349148428828695533867871229732533
c2: -1138867524691710223280972606656951
c3: 16221485218284178559734782
c4: 511088333432065136
c5: 345945600
Y0: -9132464288423982221455345809781838644899
Y1: 54568783923957795713677

rlim: 181600000
alim: 268400000
lpbr: 33
lpba: 35
mfbr: 64
mfba: 101
rlambda: 2.4
alambda: 3.8
lss: 0